98.7706840038 95.1773047447 0.0
98.4397172928 94.8936164379 0.788382813334
98.2033073902 95.0354635715 1.59101821482
97.2576856613 95.1300263405 2.35648434609
96.4538991451 95.3664302826 3.12367491424
95.6973969936 95.0354635715 3.85912247002
94.4680869579 94.8936164379 4.60126437247
92.2458648682 94.8463380337 5.3215470165
89.598107338 94.9409008026 6.06394521892
87.5177323818 94.8936164379 6.77308663726
84.5862865448 95.0354635715 7.451082021
79.7635912895 94.9881792068 8.1186413765
74.4680821896 94.6099281311 8.78685116768
70.6382989883 95.0354635715 9.45297256112
65.3900682926 94.8463380337 10.0650928915
59.6690297127 94.5153653622 10.8111552894
53.9479911327 94.2789614201 11.3541997969
47.8959798813 94.8463380337 11.992816627
42.8368806839 94.5626497269 12.599170208
37.9196226597 94.1843986511 13.2491230965
33.0023646355 94.373524189 13.7912660837
28.3215135336 94.7044909 14.3576160073
23.9716306329 94.0425515175 14.9175047874
22.4113479257 94.7044909 15.4828414321
18.1560277939 94.5153653622 16.036374867
15.2245864272 94.4208025932 16.5859177709
12.4822698534 93.9479887486 17.1522289515
10.4964539409 94.4208025932 17.653465271
9.03073251247 93.9007103443 18.1459218264
6.90307319164 94.5626497269 18.6931744218
6.19385354221 93.7588632107 19.1783770919
4.58628833294 94.1843986511 19.6952044964
3.49881798029 94.0425515175 20.156185329
3.16784866154 94.1371142864 20.625269413
2.60047279298 93.8061475754 21.0674777627
2.74231676012 94.1371142864 21.4741393924
1.93853434175 93.4278964996 21.9547718763
2.08037830889 93.8534259796 22.4336847663
1.18203312159 93.2387709618 22.8630036116
1.04018915445 93.0969238281 23.271034658
0.803782511503 92.8132414818 23.6896321177
0.567375868559 92.955082655 24.0906596184
0.330969272181 92.955082655 24.4815304875
0.472813239321 93.0023670197 24.8694598675
0.1891252934 91.7257666588 25.3197699785
0.283687934279 92.6713943481 25.6750613451
0.14184396714 92.6241159439 26.0504990816
0.1891252934 93.6170220375 26.3711810112
0.04728132335 92.2458648682 26.7607063055
0.14184396714 91.6312038898 27.0868986845
0.14184396714 92.0567393303 27.3805946112
0.14184396714 91.6312038898 27.7526885271
0.14184396714 90.591019392 28.089851141
0.04728132335 91.347515583 28.429916501
0.04728132335 90.8747017384 28.7532657385
0.04728132335 91.4893627167 29.0379703045
0.0 90.0236427784 29.3417185545
0.04728132335 89.8817956448 29.6069800854
0.0 89.7872328758 29.9134254456
0.04728132335 89.4562661648 30.2005946636
0.0 88.9834523201 30.4801166058
0.0 88.6524796486 30.7786911726
0.0 88.0851089954 31.0653030872
0.0 88.1796717644 31.338724494
0.0 88.4160757065 31.4958542585
0.0 88.0378246307 31.7808300257
0.0 86.0047280788 32.0077687502
0.0 86.0520064831 32.2607696056
0.0 86.3356947899 32.474899292
0.0 84.6335709095 32.7939510345
0.0 85.2955102921 32.9582035542
0.04728132335 85.6737613678 33.1587195396
0.0 82.7895998955 33.4017574787
0.0 83.3096921444 33.577594161
0.0 83.0732882023 33.8096171618
0.0 81.7966878414 33.993563056
0.0 81.2765955925 34.2338711023
0.0 81.8439722061 34.4069212675
0.0 77.7304947376 34.5261931419
0.0 78.7706851959 34.7155928612
0.0 78.676122427 34.9193036556
0.0 76.2647747993 35.1343423128
0.0 77.9196202755 35.2339029312
0.0 77.2104024887 35.4582518339
0.0 75.8392453194 35.539290309
0.0 76.2174963951 35.7338130474
0.04728132335 73.3333349228 35.8812719584
0.0 74.6572077274 35.9705388546
0.0 72.3404228687 36.1652284861
0.0 71.536642313 36.2688601017
0.0 72.0094561577 36.4449292421
0.0 69.7872340679 36.5494817495
0.0 69.0780162811 36.7081195116
0.0 67.5177276134 36.823618412
0.0 66.241133213 36.9389861822
0.0 67.5650119781 37.1029675007
0.0 64.8699760437 37.1210902929
0.0 64.066195488 37.3094767332
0.0 61.3711595535 37.4280005693
0.0 61.2293124199 37.5098258257
0.0 59.4799041748 37.6018077135

