Extracting ./MNIST_data/train-images-idx3-ubyte.gz
Extracting ./MNIST_data/train-labels-idx1-ubyte.gz
Extracting ./MNIST_data/t10k-images-idx3-ubyte.gz
Extracting ./MNIST_data/t10k-labels-idx1-ubyte.gz
91.5300011635 100.0
91.5300011635 0.0
91.3100004196 0.388189009391
91.5000021458 0.770852854475
90.8599972725 1.15406084806
90.7899975777 1.53192440048
90.5099987984 1.91722679883
89.9699985981 2.29383744299
89.7199988365 2.66545061022
89.5699977875 3.03554981947
89.1600012779 3.4068506211
88.5200023651 3.78759801388
88.1799995899 4.14551980793
87.6699984074 4.50954586267
86.7500007153 4.8790294677
86.0700011253 5.23885674775
85.3100001812 5.58769181371
84.1400027275 5.94638288021
83.060002327 6.32119104266
82.0500016212 6.67086690664
80.5199980736 7.01021030545
79.3099999428 7.3557972908
77.7000010014 7.71247670054
76.1099994183 8.07165578008
74.4400024414 8.41010957956
73.5400021076 8.75793099403
71.899998188 9.09305512905
70.2000021935 9.42190587521
69.1799998283 9.7633048892
67.7600026131 10.0896269083
66.7299985886 10.4176744819
64.099997282 10.7670657337
63.4400010109 11.077516526
61.4000022411 11.4223524928
60.9399974346 11.7449983954
59.249997139 12.0700903237
58.5699975491 12.3956046999
56.4300000668 12.7151250839
55.3200006485 13.0078956485
54.1800022125 13.3388459682
52.4900019169 13.6492714286
52.0500004292 13.971477747
50.6900012493 14.2727449536
49.2399990559 14.575946331
48.4899997711 14.8628383875
47.1399992704 15.1895090938
45.8799988031 15.4936879873
45.1499998569 15.772511065
43.5799986124 16.0889312625
42.1900004148 16.3801938295
40.8899992704 16.6698023677
40.5400007963 16.966445744
39.3700003624 17.2577127814
38.1700009108 17.5679549575
37.6800000668 17.8442314267
36.4800006151 18.1081488729
35.4400008917 18.4100568295
34.5600008965 18.6863973737
33.5799992085 18.9587265253
33.7199985981 19.2144751549
32.2800010443 19.539603591
31.400001049 19.7569429874
31.1699986458 20.030786097
30.3900003433 20.3072309494
29.469999671 20.6091403961
28.7699997425 20.849391818
28.7900000811 21.1303919554
27.8299987316 21.3802054524
27.3900002241 21.6606631875
26.519998908 21.9082131982
26.2800008059 22.1825003624
25.7600009441 22.4253341556
25.2700001001 22.6429849863
24.8899996281 22.9029148817
23.9199995995 23.1714770198
24.0700006485 23.4092310071
23.710000515 23.6455783248
22.8000000119 23.9111691713
22.8599995375 24.1420999169
22.7799996734 24.3797630072
22.5099995732 24.6012583375
22.159999609 24.8517632484
22.2599998116 25.0717937946
21.6199994087 25.2836793661
21.1199998856 25.5364447832
21.1199998856 25.7494091988
20.7399994135 26.0060191154
20.6599995494 26.1909604073
20.7900002599 26.436394453
20.4199999571 26.6586750746
19.6400001645 26.8596708775
19.6999996901 27.0759284496
18.9999997616 27.2933393717
18.9999997616 27.5190204382
19.2399993539 27.7134209871
18.9099997282 27.9080271721
18.9300000668 28.135240078
18.2400003076 28.345733881
18.2999998331 28.5440891981
18.1799992919 28.7715137005
18.0800005794 28.948366642


Extracting ./MNIST_data/train-images-idx3-ubyte.gz
Extracting ./MNIST_data/train-labels-idx1-ubyte.gz
Extracting ./MNIST_data/t10k-images-idx3-ubyte.gz
Extracting ./MNIST_data/t10k-labels-idx1-ubyte.gz
91.5099978447 100.0
97.9196190834
97.9196190834 95.2245891094 0.0
97.6359367371 95.1300263405 0.194174714852
97.4940896034 95.0354635715 0.398384639993
97.4468111992 95.0354635715 0.593926291913
97.3995268345 95.0354635715 0.785279646516
97.2104012966 95.1773047447 0.985103286803
97.3995268345 95.1773047447 1.18585908785
97.1631228924 95.3191518784 1.39684164897
96.6903090477 95.4609930515 1.58889014274
96.5484619141 95.2718675137 1.79246719927
96.4538991451 95.1300263405 1.97375360876
96.0283696651 94.9881792068 2.1847307682
95.7446813583 95.1300263405 2.37301085144
95.2245891094 94.9409008026 2.55853720009
95.1300263405 94.9409008026 2.7875656262
95.4137086868 95.2245891094 2.97336000949
95.1773047447 95.2718675137 3.17723378539
94.0898358822 95.1300263405 3.36038731039
93.4751749039 95.1300263405 3.56676951051
92.860519886 94.4208025932 3.78565602005
92.955082655 94.9409008026 3.96846570075
91.7730510235 95.0354635715 4.15695607662
91.4893627167 94.799053669 4.37680184841
89.7399544716 94.7044909 4.57151643932
89.8817956448 94.7044909 4.77931499481
89.172577858 94.5153653622 4.94651719928
87.5650107861 94.9409008026 5.16055747867
85.7683241367 94.9881792068 5.35504259169
83.1678509712 95.0354635715 5.55202513933
83.451539278 95.5082714558 5.7470086962
82.033097744 94.8463380337 5.94842657447
79.5271873474 95.1300263405 6.15969412029
77.3995280266 95.1300263405 6.3661403954
76.9267141819 94.7044909 6.54665529728
74.7990548611 94.799053669 6.73074647784
73.5224604607 94.7517752647 6.94119334221
72.1040189266 95.2245891094 7.16887935996
69.9290752411 95.3191518784 7.35059604049
68.4160768986 94.7044909 7.5527459383
66.8557941914 94.9881792068 7.72631317377
63.8297855854 94.4680869579 7.96348899603
62.6004755497 94.6572124958 8.12417864799
61.9385361671 95.1300263405 8.35808366537
58.1560254097 95.3191518784 8.57014507055
56.5011799335 95.0354635715 8.71570110321
54.8936188221 94.9409008026 8.94839540124
53.2860517502 94.5626497269 9.12642925978
51.9148945808 94.8463380337 9.3626268208
51.3947963715 94.8463380337 9.53033417463
48.6052006483 94.799053669 9.69368517399
47.7068543434 94.9881792068 9.9128395319
46.1465716362 95.4137086868 10.1416148245
45.2482283115 94.8463380337 10.3075586259
43.6879426241 95.0827419758 10.5392113328
43.5933798552 94.9881792068 10.7266910374
41.0874694586 94.8463380337 10.9144069254
41.3238763809 94.8936164379 11.1494593322
40.000000596 94.5153653622 11.314560473
39.1962170601 94.5626497269 11.5306973457
38.9125287533 94.8463380337 11.7016971111
37.6359343529 94.4208025932 11.9296260178
37.1158391237 94.6572124958 12.1441662312
36.2174928188 94.6099281311 12.2761495411
36.0283702612 94.6099281311 12.493211776
35.508275032 94.1843986511 12.6758441329
34.6099287271 94.5626497269 12.895911932
35.0827425718 94.3262398243 13.1089776754
33.8061451912 94.7517752647 13.2771372795
32.8132390976 94.373524189 13.53148669
32.955083251 94.9409008026 13.748960197
31.3948005438 94.9409008026 13.8835430145
32.0094555616 94.1371142864 14.0544608235
30.3546100855 94.7044909 14.3091678619
30.2127659321 94.7517752647 14.4892603159
30.2600473166 94.1371142864 14.7162914276
29.5035451651 94.4680869579 14.8950874805
29.598107934 94.1843986511 15.109680593
27.9905438423 94.5153653622 15.2712509036
27.5177299976 94.799053669 15.5378133059
26.5721052885 93.5224592686 15.6951740384
27.4231672287 94.7044909 15.8760026097
26.4775425196 94.4680869579 16.0815268755
24.8226955533 94.0425515175 16.2424921989
25.5319148302 94.7517752647 16.439345479
24.4444444776 93.9007103443 16.6798889637
25.10638237 94.2789614201 16.8825805187
24.6335700154 94.4680869579 17.0633167028
24.4444444776 94.0898358822 17.2692045569
22.9314416647 94.2789614201 17.4958080053
23.1205672026 94.6572124958 17.6482155919
21.5602830052 94.2316770554 17.8889378905
20.3309699893 93.8534259796 18.0692568421
20.7565009594 93.7115848064 18.2522520423
19.6690306067 94.0898358822 18.4879019856
20.7565009594 93.9952731133 18.6642184854
18.8179671764 93.9479887486 18.8561946154
18.1087464094 94.1371142864 19.051784277
17.1631202102 93.9479887486 19.2503809929
17.2576829791 93.3333337307 19.4431498647
16.4066195488 93.2387709618 19.6365073323
15.6974002719 93.8061475754 19.8663726449
97.9196190834 95.2245891094 0.0
97.5413739681 95.2245891094 0.397939281538
97.2104012966 95.2245891094 0.785121042281
96.8794345856 95.0354635715 1.19249112904
96.5011835098 95.1773047447 1.57608725131
96.4066207409 94.8936164379 1.94966550916
95.3191518784 94.9409008026 2.3424545303
95.3664302826 94.9881792068 2.72263735533
94.4680869579 95.1300263405 3.13559919596
93.5224592686 95.0354635715 3.49227003753
92.6713943481 94.9881792068 3.8625318557
91.1111116409 95.1773047447 4.26721163094
89.5508289337 94.8936164379 4.61535342038
88.3215129375 94.9409008026 5.00646643341
84.8226964474 95.0827419758 5.38918860257
82.2222232819 94.9409008026 5.75964190066
78.8179695606 95.2718675137 6.11413940787
74.7044920921 95.2245891094 6.47725760937
72.4349856377 95.1300263405 6.83105960488
68.0851042271 95.4137086868 7.16758593917
66.2884175777 94.8463380337 7.54693821073
61.3711595535 95.1773047447 7.92928263545
59.7635924816 95.1773047447 8.24024602771
53.8061439991 94.6572124958 8.63681957126
52.1985828876 94.8936164379 8.94159674644
49.2671400309 95.1773047447 9.36060324311
48.0378240347 94.799053669 9.6632309258
45.8628833294 94.7517752647 9.99718755484
43.7352240086 94.3262398243 10.3824101388
42.0330971479 94.9881792068 10.718511045
39.9527192116 94.8463380337 11.0330060124
39.2434984446 94.4208025932 11.3770999014
37.3049646616 95.2718675137 11.6899125278
36.737588048 94.6099281311 12.0409488678
35.7446819544 94.6572124958 12.3827770352
34.799054265 94.5153653622 12.7024188638
34.1371148825 94.8463380337 13.030539453
33.6170226336 94.9409008026 13.3755937219
31.6784858704 94.373524189 13.6506944895
29.9290776253 94.0425515175 14.013415575
30.3546100855 94.7044909 14.3386825919
29.0780127048 94.4208025932 14.6312907338
28.6524832249 93.9007103443 14.9637803435
27.7068555355 94.4208025932 15.2900546789
26.524823904 94.5626497269 15.5803725123
26.1938542128 94.2789614201 15.8474713564
25.4846334457 93.9479887486 16.205792129
25.0591009855 94.4208025932 16.5394723415
23.4988182783 93.5697376728 16.7886272073
22.4113479257 93.9952731133 17.1379715204
21.7966899276 93.9479887486 17.4363300204
20.2836886048 93.9007103443 17.7127346396
19.0070927143 94.4680869579 18.0340781808
19.0070927143 94.4680869579 18.2514831424
18.2978719473 94.2789614201 18.5217410326
17.6832154393 94.373524189 18.8354998827
15.0354608893 94.2789614201 19.2176029086
15.2718678117 93.9007103443 19.4546416402
16.5011823177 94.2316770554 19.7127178311
14.9881795049 93.6170220375 19.9955657125
13.8061463833 94.4680869579 20.2751353383
11.631205678 93.4751749039 20.5541998148
12.6241132617 94.3262398243 20.8384871483
11.1583925784 93.8061475754 21.0969701409
11.1111111939 93.3333337307 21.3423937559
9.36170220375 93.7115848064 21.6486737132
8.55791941285 93.0496454239 21.962416172
9.50354635715 93.4751749039 22.2308859229
7.42316767573 93.8534259796 22.4738419056
8.08510631323 93.6643004417 22.7805823088
6.61938562989 93.6643004417 22.9377046227
6.99763596058 93.2387709618 23.2934340835
6.43026009202 93.8534259796 23.4794020653
6.0520093888 93.0023670197 23.7497478724
5.2955083549 93.0496454239 23.9901274443
5.2955083549 93.4751749039 24.2326974869
4.20803800225 93.0496454239 24.4838938117
4.01891246438 92.6241159439 24.7594147921
3.49881798029 92.6713943481 24.9617516994
3.49881798029 93.286049366 25.2312898636
3.49881798029 92.6713943481 25.509545207
2.88416072726 92.2458648682 25.7173866034
2.78959814459 92.955082655 25.9230405092
1.89125295728 92.3404276371 26.2258470058
2.45862882584 92.7186787128 26.4197170734
1.98581553996 91.347515583 26.653021574
1.65484640747 92.1040177345 26.8705487251
1.65484640747 91.8203294277 27.1852493286
1.56028373167 91.9621765614 27.38494277
1.5130023472 91.9148921967 27.5597214699
1.08747044578 91.8676137924 27.8126746416
0.992907769978 91.3002371788 27.9813349247
1.04018915445 91.1111116409 28.2340824604
0.520094577223 90.2600467205 28.4778505564
0.898345187306 91.4893627167 28.6268174648
0.614657206461 90.8274233341 28.8916170597
0.520094577223 90.5437350273 29.068389535
0.472813239321 90.4491722584 29.3349474669
0.283687934279 90.7328605652 29.4637322426
0.236406619661 89.7872328758 29.6827882528
0.283687934279 89.6453917027 29.8844575882

