Extracting ./MNIST_data/train-images-idx3-ubyte.gz
Extracting ./MNIST_data/train-labels-idx1-ubyte.gz
Extracting ./MNIST_data/t10k-images-idx3-ubyte.gz
Extracting ./MNIST_data/t10k-labels-idx1-ubyte.gz
96.4699983597 100.0
96.4699983597 0.0
96.0300028324 0.385008496232
95.9399998188 0.770194642246
95.7799971104 1.1508977972
95.3700006008 1.53356259689
95.3599989414 1.90775897354
94.2300021648 2.29114908725
94.16000247 2.6643274352
94.0699994564 3.0396932736
93.6299979687 3.41242700815
93.33999753 3.77574488521
93.0499970913 4.13217507303
92.4199998379 4.52050864697
92.3500001431 4.86702844501
91.4900004864 5.23619055748
91.3999974728 5.59238195419
90.6099975109 5.95048740506
90.750002861 6.3016153872
89.7899985313 6.66028037667
89.7499978542 7.01727420092
88.6699974537 7.38149732351
88.2700026035 7.69731104374
87.7300024033 8.04986283183
86.4600002766 8.40343758464
85.949999094 8.75314846635
85.790002346 9.09856557846
84.9600017071 9.42908972502
84.1700017452 9.75368320942
83.2300007343 10.0969277322
82.9999983311 10.4251511395
82.6099991798 10.7648409903
81.2399983406 11.0835850239
80.5599987507 11.4051267505
79.7699987888 11.7358550429
78.6800026894 12.0713397861
78.0499994755 12.3676128685
77.0500004292 12.6936301589
75.1699984074 13.0112558603
74.6500015259 13.3248344064
73.869997263 13.6579945683
73.1700003147 13.9671444893
71.5600013733 14.2729505897
70.5799996853 14.5578473806
70.1099991798 14.8756638169
68.6100006104 15.192271769
67.3300027847 15.4982700944
66.3100004196 15.7992869616
64.8199975491 16.0861775279
64.2199993134 16.3756281137
63.529998064 16.6871726513
61.6400003433 16.9624656439
60.3100001812 17.2632396221
59.0499997139 17.5545752048
58.5799992085 17.8478956223
57.5600028038 18.1092664599
56.6399991512 18.4029683471
55.0800025463 18.6918839812
54.2599976063 18.9680963755
52.3699998856 19.2529916763
51.6399979591 19.5082336664
49.8400002718 19.8073416948
49.169999361 20.0650081038
48.7399995327 20.3377902508
46.9599992037 20.5783709884
46.439999342 20.8706617355
45.8900004625 21.1300835013
44.7499990463 21.380597353
43.5600012541 21.6330930591
43.1899994612 21.9252318144
42.2600001097 22.1568658948
41.6599988937 22.415189445
40.110000968 22.6685747504
39.050000906 22.9067325592
37.8899991512 23.1666699052
37.4000012875 23.4090745449
36.9800001383 23.6332550645
36.0599994659 23.922149837
34.8800003529 24.1440445185
34.2900007963 24.3765175343
33.520001173 24.6163234115
33.0700010061 24.8273059726
32.3300004005 25.0942707062
31.2099993229 25.3077149391
31.5200001001 25.5331009626
30.5999994278 25.7743656635
29.7800004482 25.9973734617
29.3999999762 26.2119561434
28.1399995089 26.4211207628
28.979998827 26.6799777746
27.3400008678 26.8775820732
27.0999997854 27.0927786827
26.7199993134 27.2830039263
26.2800008059 27.5244951248
25.8199989796 27.7236133814
25.3899991512 27.9409885406
23.749999702 28.1538933516
24.3599995971 28.3592611551
24.1400003433 28.5616457462
22.9599997401 28.7612617016
22.2900003195 28.9730489254

