Extracting ./MNIST_data/train-images-idx3-ubyte.gz
Extracting ./MNIST_data/train-labels-idx1-ubyte.gz
Extracting ./MNIST_data/t10k-images-idx3-ubyte.gz
Extracting ./MNIST_data/t10k-labels-idx1-ubyte.gz
90.4100000858 100.0
96.5957462788
96.5957462788 95.2245891094 0.0
96.1229324341 95.1300263405 0.796322338283
95.1773047447 94.8463380337 1.58972814679
93.9479887486 95.2245891094 2.3435195908
91.7257666588 94.9409008026 3.12233287841
88.7943267822 94.799053669 3.85369844735
85.815602541 95.1300263405 4.60615567863
81.3711583614 94.8936164379 5.33118546009
75.6973981857 95.1300263405 6.02288506925
69.692671299 95.0354635715 6.71471580863
63.8297855854 95.0354635715 7.46469944715
58.1560254097 95.0354635715 8.09963420033
54.9408972263 94.7044909 8.74671861529
49.0307331085 94.7517752647 9.44962128997
44.6335703135 94.6099281311 10.1132549345
41.0401880741 94.2789614201 10.7707664371
38.3924335241 94.7517752647 11.3913439214
37.2576832771 94.6099281311 11.9836620986
35.602837801 95.1773047447 12.5882014632
34.799054265 94.9409008026 13.2219180465
32.7659577131 94.4680869579 13.7797087431
31.3002377748 94.8936164379 14.4236937165
30.1182031631 94.3262398243 14.9519369006
28.1796693802 93.8061475754 15.5023440719
27.3758858442 94.373524189 16.0310298204
25.7210403681 94.0898358822 16.6040271521
25.10638237 94.5626497269 17.139442265
21.843971312 94.1843986511 17.6599800587
21.0874706507 93.9479887486 18.2126313448
19.8108747602 93.9479887486 18.6492085457
19.1489368677 93.6643004417 19.1449582577
16.9267132878 93.9479887486 19.666595757
16.3593381643 93.8534259796 20.1591923833
14.6099284291 92.9078042507 20.594201982
12.955082953 93.1914865971 21.0834622383
11.4420801401 93.6643004417 21.5545088053
12.1040187776 92.860519886 21.9955250621
9.03073251247 93.6170220375 22.3915427923
9.07801389694 93.4751749039 22.8556424379
8.03782492876 93.0023670197 23.2746705413
7.3286049068 93.286049366 23.6498564482
7.3286049068 93.0969238281 24.0787044168
5.67375868559 92.7659571171 24.5040655136
4.86997626722 93.2387709618 24.9077290297
4.49172593653 93.0969238281 25.2496004105
3.78250591457 92.9078042507 25.6060063839
3.97163107991 92.529553175 26.0151833296
3.07328607887 91.442078352 26.3766109943
2.88416072726 91.442078352 26.754912734
2.45862882584 92.0567393303 27.1636456251
1.98581553996 91.7730510235 27.4159371853
1.37115838006 92.6713943481 27.7488708496
1.46572105587 91.016548872 28.1327694654
1.22931441292 91.6312038898 28.4129977226
1.13475173712 90.5437350273 28.7628948689
0.661938544363 90.4964566231 29.0322244167
0.898345187306 90.5437350273 29.3443828821
0.614657206461 89.9290800095 29.6147435904
0.330969272181 89.8345172405 29.8951536417
0.236406619661 89.4562661648 30.2148282528
0.14184396714 88.7470424175 30.447858572
0.330969272181 88.9361679554 30.7310938835
0.330969272181 88.6052012444 31.0480207205
0.14184396714 88.8888895512 31.2887489796
0.236406619661 88.3215129375 31.5578699112
0.14184396714 87.0449185371 31.7352771759
0.04728132335 85.390073061 32.007920742
0.0 87.0449185371 32.27237463
0.04728132335 86.9030714035 32.4973464012
0.04728132335 85.9101653099 32.7397435904
0.0 84.4917237759 32.8995168209
0.04728132335 84.1607570648 33.1649512053
0.0 84.2080354691 33.3586484194
0.0945626467001 82.5531899929 33.5882633924
0.0 83.546102047 33.7962687016
0.0 82.9314410686 33.9959055185
0.04728132335 81.0874700546 34.2040002346
0.0 79.5744657516 34.3900501728
0.04728132335 80.4255306721 34.6197962761
0.04728132335 78.7706851959 34.7350150347
0.0 77.3995280266 34.8667234182
0.0 76.7848670483 35.1158320904
0.0 75.2718687057 35.2350533009
0.0 74.9881803989 35.3996962309
0.0 75.6501197815 35.5557113886
0.0 75.0354588032 35.7648640871
0.0 74.3262410164 35.9341204166
0.0 73.4278976917 35.9756022692
0.0 71.6312050819 36.1658781767
0.0 71.0165500641 36.2848848104
0.0 71.4420795441 36.4868789911
0.0 71.3948011398 36.6062760353
0.0 69.4562673569 36.6793513298
0.0 66.2884175777 36.89006567
0.0 67.6122903824 36.9375646114
0.0 66.0992920399 37.0483964682
0.0 66.0992920399 37.2168928385
0.0 65.6737565994 37.2583657503
0.0 61.2765967846 37.4498397112
0.0 62.222224474 37.5026494265
0.0 62.127661705 37.6268982887
